15
5
Discount 0.975
0
0 (1 0.25) (2 0.25) (3 0.25) (6 0.1) (10 0.15)
1 (1 0.6) (2 0.25) (14 0.15)
2 (2 0.5) (3 0.25) (14 0.25)
3 (3 0.5) (4 0.25) (14 0.25)
4 (4 0.5) (5 0.25) (14 0.25)
5 (5 0.4) (6 0.15) (10 0.15) (14 0.3)
6 (6 0.5) (7 0.25) (10 0.1) (14 0.15)
7 (7 0.5) (8 0.25) (10 0.05) (14 0.2)
8 (8 0.5) (9 0.25) (10 0.025) (14 0.225)
9 (14 1.0)
10 (10 0.5) (11 0.25) (6 0.1) (14 0.15)
11 (11 0.5) (12 0.25) (6 0.05) (14 0.2)
12 (12 0.5) (13 0.25) (6 0.025) (14 0.225)
13 (14 1.0)
14 (14 1.0)
reward (9 200.0)
cost
1
0 (1 0.25) (2 0.25) (3 0.25) (6 0.1) (10 0.15)
1 (1 0.6) (2 0.25) (14 0.15)
2 (2 0.5) (3 0.25) (14 0.25)
3 (3 0.5) (4 0.25) (14 0.25)
4 (4 0.5) (5 0.25) (14 0.25)
5 (5 0.4) (6 0.15) (10 0.15) (14 0.3)
6 (6 0.5) (7 0.25) (10 0.1) (14 0.15)
7 (7 0.5) (8 0.25) (10 0.05) (14 0.2)
8 (8 0.5) (9 0.25) (10 0.025) (14 0.225)
9 (14 1.0)
10 (10 0.5) (11 0.25) (6 0.1) (14 0.15)
11 (11 0.5) (12 0.25) (6 0.05) (14 0.2)
12 (12 0.5) (13 0.25) (6 0.025) (14 0.225)
13 (14 1.0)
14 (14 1.0)
reward (9 200.0)
cost (0 1.0) (1 1.0) (2 1.0) (3 1.0) (4 1.0) (5 1.0) (6 1.0) (7 1.0) (8 1.0) (9 1.0) (10 1.0) (11 1.0) (12 1.0) (13 1.0) (14 1.0)
2
0 (1 0.25) (2 0.25) (3 0.25) (6 0.1) (10 0.15)
1 (1 0.6) (2 0.3) (14 0.1)
2 (2 0.5) (3 0.3) (14 0.2)
3 (3 0.5) (4 0.3) (14 0.2)
4 (4 0.5) (5 0.3) (14 0.2)
5 (5 0.4) (6 0.175) (10 0.15) (14 0.275)
6 (6 0.5) (7 0.25) (10 0.1) (14 0.15)
7 (7 0.5) (8 0.25) (10 0.05) (14 0.2)
8 (8 0.5) (9 0.25) (10 0.025) (14 0.225)
9 (14 1.0)
10 (10 0.5) (11 0.25) (6 0.1) (14 0.15)
11 (11 0.5) (12 0.25) (6 0.05) (14 0.2)
12 (12 0.5) (13 0.25) (6 0.025) (14 0.225)
13 (14 1.0)
14 (14 1.0)
reward (9 200.0)
cost (0 2.0) (1 2.0) (2 2.0) (3 2.0) (4 2.0) (5 2.0) (6 2.0) (7 2.0) (8 2.0) (9 2.0) (10 2.0) (11 2.0) (12 2.0) (13 2.0) (14 2.0)
3
0 (1 0.25) (2 0.25) (3 0.25) (6 0.1) (10 0.15)
1 (1 0.6) (2 0.325) (14 0.075)
2 (2 0.5) (3 0.325) (14 0.175)
3 (3 0.5) (4 0.325) (14 0.175)
4 (4 0.5) (5 0.325) (14 0.175)
5 (5 0.4) (6 0.225) (10 0.125) (14 0.25)
6 (6 0.5) (7 0.35) (10 0.05) (14 0.1)
7 (7 0.5) (8 0.35) (10 0.025) (14 0.125)
8 (8 0.5) (9 0.35) (10 0.025) (14 0.125)
9 (14 1.0)
10 (10 0.5) (11 0.2) (6 0.15) (14 0.15)
11 (11 0.5) (12 0.2) (6 0.1) (14 0.2)
12 (12 0.5) (13 0.2) (6 0.075) (14 0.225)
13 (14 1.0)
14 (14 1.0)
reward (9 200.0)
cost (0 3.0) (1 3.0) (2 3.0) (3 3.0) (4 3.0) (5 3.0) (6 3.0) (7 3.0) (8 3.0) (9 3.0) (10 3.0) (11 3.0) (12 3.0) (13 3.0) (14 3.0)
4
0 (1 0.25) (2 0.25) (3 0.25) (6 0.1) (10 0.15)
1 (1 0.6) (2 0.35) (14 0.05)
2 (2 0.5) (3 0.35) (14 0.15)
3 (3 0.5) (4 0.35) (14 0.15)
4 (4 0.5) (5 0.35) (14 0.15)
5 (5 0.4) (6 0.3) (10 0.1) (14 0.2)
6 (6 0.5) (7 0.425) (10 0.025) (14 0.05)
7 (7 0.5) (8 0.425) (10 0.025) (14 0.05)
8 (8 0.5) (9 0.425) (10 0.025) (14 0.05)
9 (14 1.0)
10 (10 0.5) (11 0.15) (6 0.2) (14 0.15)
11 (11 0.5) (12 0.15) (6 0.15) (14 0.2)
12 (12 0.5) (13 0.15) (6 0.125) (14 0.225)
13 (14 1.0)
14 (14 1.0)
reward (9 200.0)
cost (0 4.0) (1 4.0) (2 4.0) (3 4.0) (4 4.0) (5 4.0) (6 4.0) (7 4.0) (8 4.0) (9 4.0) (10 4.0) (11 4.0) (12 4.0) (13 4.0) (14 4.0)
